s1mple
zeus
30 12 0
12 17 0
26 21 0
18 15 0
26 15 0
42 22 0
25 17 0
33 11 0
21 13 0
27 12 0
15 17 0
32 18 0
24 15 0
25 16 0
43 25 0
22 12 0
19 12 0
17 11 0
28 20 0
22 9 0
18 18 0
15 19 0
17 11 0
22 18 0
33 17 0
9 17 0
22 18 0
28 18 0
23 8 0
12 17 0
24 20 0
31 17 0
16 18 0
16 8 0
24 16 0
14 16 0
34 11 0
48 29 0
31 9 0
23 22 0
13 13 0
26 20 0
17 18 0
17 18 0
29 22 0
26 18 0
18 19 0
22 7 0
24 19 0
24 15 0
22 18 0
31 19 0
26 25 0
27 16 0
21 10 0
25 17 0
23 17 0
17 22 0
10 20 1
18 17 1
10 17 1
11 24 1
10 19 1
17 18 1
28 34 1
15 21 1
20 19 1
17 17 1
15 19 1
16 20 1
26 18 1
14 23 1
18 18 1
8 32 1
12 12 1
16 15 1
17 17 1
14 23 1
10 11 1
15 22 1
16 22 1
22 9 1
12 22 1
10 20 1